2 C F0 93 59 1000
4 C F1 53 91 1000
6 C F2 54 43 1000
8 C F3 57 96 1000
10 C F4 32 83 1000
12 C F5 63 49 1000
14 C F6 4 66 1000
16 C F7 62 22 1000
18 C F8 93 17 1000
20 C F9 93 4 1000
22 C F10 36 91 1000
24 C F11 69 46 1000
26 C F12 88 56 1000
28 C F13 12 24 1000
30 C F14 62 28 1000
32 C F15 73 32 1000
34 C F16 77 96 1000
36 C F17 47 32 1000
38 C F18 78 71 1000
40 C F19 81 37 1000
42 C F20 27 85 1000
44 C F21 46 14 1000
46 C F22 30 28 1000
48 C F23 1 93 1000
50 C F24 7 10 1000
52 C F25 30 3 1000
54 C F26 32 52 1000
56 C F27 79 32 1000
58 C F28 38 71 1000
60 C F29 30 41 1000
62 C A30 0 4 1000 500
64 C A31 1 3 1000 500
66 C A32 2 1 1000 500
68 C A33 3 1 1000 500
70 C A34 4 0 1000 500
72 C A35 5 0 1000 500
74 C A36 6 0 1000 500
76 C A37 7 14 1000 500
78 C A38 8 0 1000 500
80 C A39 9 0 1000 500
82 C A40 10 0 1000 500
84 C A41 11 0 1000 500
86 C A42 12 0 1000 500
88 C A43 13 0 1000 500
90 C A44 14 0 1000 500
92 C A45 15 0 1000 500
94 C A46 16 0 1000 500
96 C A47 17 0 1000 500
98 C A48 18 70 1000 500
100 C A49 19 0 1000 500
102 C A50 20 0 1000 500
104 C A51 21 0 1000 500
106 C A52 22 0 1000 500
108 C A53 23 0 1000 500
110 C A54 24 0 1000 500
112 C A55 25 0 1000 500
114 C A56 26 0 1000 500
116 C A57 27 0 1000 500
118 C A58 28 0 1000 500
120 C A59 29 0 1000 500
122 C A60 30 0 1000 500
124 C A61 31 0 1000 500
126 C A62 32 0 1000 500
128 C A63 33 0 1000 500
130 C A64 34 0 1000 500
132 C A65 35 0 1000 500
134 C A66 36 0 1000 500
136 C A67 37 0 1000 500
138 C A68 38 0 1000 500
140 C A69 39 0 1000 500
142 C A70 40 0 1000 500
144 C A71 41 0 1000 500
146 C A72 42 0 1000 500
148 C A73 43 1 1000 500
150 C A74 44 0 1000 500
152 C A75 45 0 1000 500
154 C A76 46 0 1000 500
156 C A77 47 1 1000 500
158 C A78 48 0 1000 500
160 C A79 49 2 1000 500
162 C A80 50 0 1000 500
164 C A81 51 0 1000 500
166 C A82 52 0 1000 500
168 C A83 53 0 1000 500
170 C A84 54 1 1000 500
172 C A85 55 0 1000 500
174 C A86 56 0 1000 500
176 C A87 57 0 1000 500
178 C A88 58 0 1000 500
180 C A89 59 0 1000 500
182 C A90 60 0 1000 500
184 C A91 61 0 1000 500
186 C A92 62 0 1000 500
188 C A93 63 0 1000 500
190 C A94 64 0 1000 500
192 C A95 65 77 1000 500
194 C A96 66 0 1000 500
196 C A97 67 0 1000 500
198 C A98 68 0 1000 500
200 C A99 69 0 1000 500
202 C A100 70 0 1000 500
204 C A101 71 0 1000 500
206 C A102 72 0 1000 500
208 C A103 73 0 1000 500
210 C A104 74 0 1000 500
212 C A105 75 0 1000 500
214 C A106 76 0 1000 500
216 C A107 77 0 1000 500
218 C A108 78 1 1000 500
220 C A109 79 0 1000 500
222 C A110 80 0 1000 500
224 C A111 81 0 1000 500
226 C A112 82 0 1000 500
228 C A113 83 0 1000 500
230 C A114 84 0 1000 500
232 C A115 85 0 1000 500
234 C A116 86 0 1000 500
236 C A117 87 0 1000 500
238 C A118 88 0 1000 500
240 C A119 89 0 1000 500
242 C A120 90 0 1000 500
244 C A121 91 0 1000 500
246 C A122 92 0 1000 500
248 C A123 93 0 1000 500
250 C A124 94 0 1000 500
252 C A125 95 0 1000 500
254 C A126 96 0 1000 500
256 C A127 97 0 1000 500
258 C A128 98 0 1000 500
260 C A129 99 0 1000 500
262 C A130 0 45 1000 500
264 C A131 1 2 1000 500
266 C A132 2 4 1000 500
268 C A133 3 4 1000 500
270 C A134 4 3 1000 500
272 C A135 5 1 1000 500
274 C A136 6 2 1000 500
276 C A137 7 0 1000 500
278 C A138 8 1 1000 500
280 C A139 9 1 1000 500
282 C A140 10 1 1000 500
284 C A141 11 33 1000 500
286 C A142 12 1 1000 500
288 C A143 13 1 1000 500
290 C A144 14 1 1000 500
292 C A145 15 1 1000 500
294 C A146 16 1 1000 500
296 C A147 17 1 1000 500
298 C A148 18 77 1000 500
300 C A149 19 1 1000 500
302 C A150 20 1 1000 500
304 C A151 21 1 1000 500
306 C A152 22 1 1000 500
308 C A153 23 1 1000 500
310 C A154 24 1 1000 500
312 C A155 25 1 1000 500
314 C A156 26 1 1000 500
316 C A157 27 1 1000 500
318 C A158 28 2 1000 500
320 C A159 29 1 1000 500
322 C A160 30 1 1000 500
324 C A161 31 1 1000 500
326 C A162 32 1 1000 500
328 C A163 33 2 1000 500
330 C A164 34 1 1000 500
332 C A165 35 1 1000 500
334 C A166 36 1 1000 500
336 C A167 37 1 1000 500
338 C A168 38 1 1000 500
340 C A169 39 1 1000 500
342 C A170 40 1 1000 500
344 C A171 41 2 1000 500
346 C A172 42 1 1000 500
348 C A173 43 2 1000 500
350 C A174 44 2 1000 500
352 C A175 45 1 1000 500
354 C A176 46 1 1000 500
356 C A177 47 2 1000 500
358 C A178 48 1 1000 500
360 C A179 49 15 1000 500
362 C A180 50 1 1000 500
364 C A181 51 1 1000 500
366 C A182 52 1 1000 500
368 C A183 53 1 1000 500
370 C A184 54 2 1000 500
372 C A185 55 1 1000 500
374 C A186 56 2 1000 500
376 C A187 57 1 1000 500
378 C A188 58 1 1000 500
380 C A189 59 1 1000 500
382 C A190 60 1 1000 500
384 C A191 61 1 1000 500
386 C A192 62 1 1000 500
388 C A193 63 1 1000 500
390 C A194 64 1 1000 500
392 C A195 65 0 1000 500
394 C A196 66 1 1000 500
396 C A197 67 1 1000 500
398 C A198 68 1 1000 500
400 C A199 69 2 1000 500
402 C A200 70 1 1000 500
404 C A201 71 2 1000 500
406 C A202 72 1 1000 500
408 C A203 73 1 1000 500
410 C A204 74 1 1000 500
412 C A205 75 1 1000 500
414 C A206 76 1 1000 500
416 C A207 77 1 1000 500
418 C A208 78 2 1000 500
420 C A209 79 1 1000 500
422 C A210 80 1 1000 500
424 C A211 81 1 1000 500
426 C A212 82 1 1000 500
428 C A213 83 1 1000 500
430 C A214 84 1 1000 500
432 C A215 85 1 1000 500
434 C A216 86 1 1000 500
436 C A217 87 1 1000 500
438 C A218 88 1 1000 500
440 C A219 89 2 1000 500
442 C A220 90 1 1000 500
444 C A221 91 1 1000 500
446 C A222 92 1 1000 500
448 C A223 93 1 1000 500
450 C A224 94 1 1000 500
452 C A225 95 1 1000 500
454 C A226 96 1 1000 500
456 C A227 97 1 1000 500
458 C A228 98 1 1000 500
460 C A229 99 1 1000 500
462 C A230 0 11 1000 500
464 C A231 1 45 1000 500
466 C A232 2 49 1000 500
468 C A233 3 11 1000 500
470 C A234 4 2 1000 500
472 C A235 5 2 1000 500
474 C A236 6 3 1000 500
476 C A237 7 1 1000 500
478 C A238 8 2 1000 500
480 C A239 9 3 1000 500
482 C A240 10 2 1000 500
484 C A241 11 2 1000 500
486 C A242 12 3 1000 500
488 C A243 13 2 1000 500
490 C A244 14 2 1000 500
492 C A245 15 3 1000 500
494 C A246 16 2 1000 500
496 C A247 17 3 1000 500
498 C A248 18 0 1000 500
500 C A249 19 2 1000 500
502 C A250 20 2 1000 500
504 C A251 21 2 1000 500
506 C A252 22 3 1000 500
508 C A253 23 2 1000 500
510 C A254 24 2 1000 500
512 C A255 25 2 1000 500
514 C A256 26 3 1000 500
516 C A257 27 2 1000 500
518 C A258 28 3 1000 500
520 C A259 29 2 1000 500
522 C A260 30 2 1000 500
524 C A261 31 2 1000 500
526 C A262 32 33 1000 500
528 C A263 33 3 1000 500
530 C A264 34 2 1000 500
532 C A265 35 2 1000 500
534 C A266 36 2 1000 500
536 C A267 37 11 1000 500
538 C A268 38 2 1000 500
540 C A269 39 2 1000 500
542 C A270 40 2 1000 500
544 C A271 41 3 1000 500
546 C A272 42 2 1000 500
548 C A273 43 3 1000 500
550 C A274 44 3 1000 500
552 C A275 45 4 1000 500
554 C A276 46 2 1000 500
556 C A277 47 3 1000 500
558 C A278 48 2 1000 500
560 C A279 49 1 1000 500
562 C A280 50 2 1000 500
564 C A281 51 2 1000 500
566 C A282 52 2 1000 500
568 C A283 53 2 1000 500
570 C A284 54 3 1000 500
572 C A285 55 2 1000 500
574 C A286 56 49 1000 500
576 C A287 57 2 1000 500
578 C A288 58 2 1000 500
580 C A289 59 3 1000 500
582 C A290 60 2 1000 500
584 C A291 61 2 1000 500
586 C A292 62 2 1000 500
588 C A293 63 2 1000 500
590 C A294 64 2 1000 500
592 C A295 65 1 1000 500
594 C A296 66 2 1000 500
596 C A297 67 2 1000 500
598 C A298 68 2 1000 500
600 C A299 69 3 1000 500
602 C A300 70 2 1000 500
604 C A301 71 1 1000 500
606 C A302 72 2 1000 500
608 C A303 73 2 1000 500
610 C A304 74 2 1000 500
612 C A305 75 3 1000 500
614 C A306 76 2 1000 500
616 C A307 77 2 1000 500
618 C A308 78 3 1000 500
620 C A309 79 2 1000 500
622 C A310 80 2 1000 500
624 C A311 81 2 1000 500
626 C A312 82 2 1000 500
628 C A313 83 3 1000 500
630 C A314 84 2 1000 500
632 C A315 85 2 1000 500
634 C A316 86 2 1000 500
636 C A317 87 2 1000 500
638 C A318 88 2 1000 500
640 C A319 89 3 1000 500
642 C A320 90 2 1000 500
644 C A321 91 4 1000 500
646 C A322 92 2 1000 500
648 C A323 93 2 1000 500
650 C A324 94 2 1000 500
652 C A325 95 2 1000 500
654 C A326 96 3 1000 500
656 C A327 97 2 1000 500
658 C A328 98 2 1000 500
660 C A329 99 2 1000 500
662 C A330 0 15 1000 500
664 C A331 1 18 1000 500
666 C A332 2 57 1000 500
668 C A333 3 65 1000 500
670 C A334 4 45 1000 500
672 C A335 5 3 1000 500
674 C A336 6 4 1000 500
676 C A337 7 2 1000 500
678 C A338 8 3 1000 500
680 C A339 9 2 1000 500
682 C A340 10 3 1000 500
684 C A341 11 3 1000 500
686 C A342 12 4 1000 500
688 C A343 13 4 1000 500
690 C A344 14 3 1000 500
692 C A345 15 4 1000 500
694 C A346 16 3 1000 500
696 C A347 17 2 1000 500
698 C A348 18 1 1000 500
700 C A349 19 3 1000 500
702 C A350 20 3 1000 500
704 C A351 21 3 1000 500
706 C A352 22 7 1000 500
708 C A353 23 3 1000 500
710 C A354 24 4 1000 500
712 C A355 25 3 1000 500
714 C A356 26 4 1000 500
716 C A357 27 3 1000 500
718 C A358 28 4 1000 500
720 C A359 29 3 1000 500
722 C A360 30 4 1000 500
724 C A361 31 4 1000 500
726 C A362 32 2 1000 500
728 C A363 33 4 1000 500
730 C A364 34 3 1000 500
732 C A365 35 3 1000 500
734 C A366 36 3 1000 500
736 C A367 37 18 1000 500
738 C A368 38 3 1000 500
740 C A369 39 3 1000 500
742 C A370 40 3 1000 500
744 C A371 41 4 1000 500
746 C A372 42 3 1000 500
748 C A373 43 4 1000 500
750 C A374 44 4 1000 500
752 C A375 45 49 1000 500
754 C A376 46 3 1000 500
756 C A377 47 4 1000 500
758 C A378 48 3 1000 500
760 C A379 49 3 1000 500
762 C A380 50 3 1000 500
764 C A381 51 3 1000 500
766 C A382 52 3 1000 500
768 C A383 53 3 1000 500
770 C A384 54 4 1000 500
772 C A385 55 3 1000 500
774 C A386 56 1 1000 500
776 C A387 57 4 1000 500
778 C A388 58 3 1000 500
780 C A389 59 4 1000 500
782 C A390 60 3 1000 500
784 C A391 61 3 1000 500
786 C A392 62 3 1000 500
788 C A393 63 3 1000 500
790 C A394 64 3 1000 500
792 C A395 65 2 1000 500
794 C A396 66 4 1000 500
796 C A397 67 3 1000 500
798 C A398 68 3 1000 500
800 C A399 69 4 1000 500
802 C A400 70 3 1000 500
804 C A401 71 3 1000 500
806 C A402 72 3 1000 500
808 C A403 73 3 1000 500
810 C A404 74 3 1000 500
812 C A405 75 11 1000 500
814 C A406 76 3 1000 500
816 C A407 77 3 1000 500
818 C A408 78 4 1000 500
820 C A409 79 3 1000 500
822 C A410 80 3 1000 500
824 C A411 81 3 1000 500
826 C A412 82 3 1000 500
828 C A413 83 11 1000 500
830 C A414 84 4 1000 500
832 C A415 85 3 1000 500
834 C A416 86 3 1000 500
836 C A417 87 3 1000 500
838 C A418 88 3 1000 500
840 C A419 89 4 1000 500
842 C A420 90 3 1000 500
844 C A421 91 13 1000 500
846 C A422 92 3 1000 500
848 C A423 93 4 1000 500
850 C A424 94 3 1000 500
852 C A425 95 4 1000 500
854 C A426 96 2 1000 500
856 C A427 97 3 1000 500
858 C A428 98 3 1000 500
860 C A429 99 3 1000 500
862 C A430 0 18 1000 500
864 C A431 1 65 1000 500
866 C A432 2 3 1000 500
868 C A433 3 70 1000 500
870 C A434 4 18 1000 500
872 C A435 5 6 1000 500
874 C A436 6 5 1000 500
876 C A437 7 4 1000 500
878 C A438 8 4 1000 500
880 C A439 9 5 1000 500
882 C A440 10 4 1000 500
884 C A441 11 4 1000 500
886 C A442 12 2 1000 500
888 C A443 13 5 1000 500
890 C A444 14 4 1000 500
892 C A445 15 5 1000 500
894 C A446 16 5 1000 500
896 C A447 17 5 1000 500
898 C A448 18 2 1000 500
900 C A449 19 4 1000 500
902 C A450 20 4 1000 500
904 C A451 21 4 1000 500
906 C A452 22 8 1000 500
908 C A453 23 4 1000 500
910 C A454 24 5 1000 500
912 C A455 25 4 1000 500
914 C A456 26 5 1000 500
916 C A457 27 5 1000 500
918 C A458 28 5 1000 500
920 C A459 29 4 1000 500
922 C A460 30 5 1000 500
924 C A461 31 5 1000 500
926 C A462 32 3 1000 500
928 C A463 33 5 1000 500
930 C A464 34 4 1000 500
932 C A465 35 4 1000 500
934 C A466 36 4 1000 500
936 C A467 37 65 1000 500
938 C A468 38 4 1000 500
940 C A469 39 4 1000 500
942 C A470 40 5 1000 500
944 C A471 41 5 1000 500
946 C A472 42 4 1000 500
948 C A473 43 5 1000 500
950 C A474 44 5 1000 500
952 C A475 45 3 1000 500
954 C A476 46 4 1000 500
956 C A477 47 5 1000 500
958 C A478 48 4 1000 500
960 C A479 49 4 1000 500
962 C A480 50 4 1000 500
964 C A481 51 4 1000 500
966 C A482 52 4 1000 500
968 C A483 53 5 1000 500
970 C A484 54 5 1000 500
972 C A485 55 4 1000 500
974 C A486 56 3 1000 500
976 C A487 57 3 1000 500
978 C A488 58 5 1000 500
980 C A489 59 9 1000 500
982 C A490 60 4 1000 500
984 C A491 61 4 1000 500
986 C A492 62 4 1000 500
988 C A493 63 4 1000 500
990 C A494 64 4 1000 500
992 C A495 65 3 1000 500
994 C A496 66 45 1000 500
996 C A497 67 4 1000 500
998 C A498 68 4 1000 500
1000 C A499 69 5 1000 500
1002 C A500 70 4 1000 500
1004 C A501 71 4 1000 500
1006 C A502 72 4 1000 500
1008 C A503 73 4 1000 500
1010 C A504 74 4 1000 500
1012 C A505 75 2 1000 500
1014 C A506 76 5 1000 500
1016 C A507 77 4 1000 500
1018 C A508 78 5 1000 500
1020 C A509 79 4 1000 500
1022 C A510 80 4 1000 500
1024 C A511 81 4 1000 500
1026 C A512 82 4 1000 500
1028 C A513 83 37 1000 500
1030 C A514 84 5 1000 500
1032 C A515 85 4 1000 500
1034 C A516 86 4 1000 500
1036 C A517 87 4 1000 500
1038 C A518 88 4 1000 500
1040 C A519 89 5 1000 500
1042 C A520 90 4 1000 500
1044 C A521 91 35 1000 500
1046 C A522 92 4 1000 500
1048 C A523 93 5 1000 500
1050 C A524 94 4 1000 500
1052 C A525 95 5 1000 500
1054 C A526 96 45 1000 500
1056 C A527 97 4 1000 500
1058 C A528 98 4 1000 500
1060 C A529 99 4 1000 500
1062 C A530 0 65 1000 500
1064 C A531 1 70 1000 500
1066 C A532 2 5 1000 500
1068 C A533 3 8 1000 500
1070 C A534 4 65 1000 500
1072 C A535 5 7 1000 500
1074 C A536 6 7 1000 500
1076 C A537 7 5 1000 500
1078 C A538 8 5 1000 500
1080 C A539 9 6 1000 500
1082 C A540 10 5 1000 500
1084 C A541 11 5 1000 500
1086 C A542 12 5 1000 500
1088 C A543 13 6 1000 500
1090 C A544 14 5 1000 500
1092 C A545 15 6 1000 500
1094 C A546 16 6 1000 500
1096 C A547 17 6 1000 500
1098 C A548 18 4 1000 500
1100 C A549 19 5 1000 500
1102 C A550 20 5 1000 500
1104 C A551 21 5 1000 500
1106 C A552 22 14 1000 500
1108 C A553 23 5 1000 500
1110 C A554 24 6 1000 500
1112 C A555 25 5 1000 500
1114 C A556 26 6 1000 500
1116 C A557 27 6 1000 500
1118 C A558 28 6 1000 500
1120 C A559 29 5 1000 500
1122 C A560 30 6 1000 500
1124 C A561 31 6 1000 500
1126 C A562 32 4 1000 500
1128 C A563 33 6 1000 500
1130 C A564 34 5 1000 500
1132 C A565 35 5 1000 500
1134 C A566 36 5 1000 500
1136 C A567 37 70 1000 500
1138 C A568 38 5 1000 500
1140 C A569 39 5 1000 500
1142 C A570 40 6 1000 500
1144 C A571 41 6 1000 500
1146 C A572 42 5 1000 500
1148 C A573 43 6 1000 500
1150 C A574 44 6 1000 500
1152 C A575 45 5 1000 500
1154 C A576 46 5 1000 500
1156 C A577 47 6 1000 500
1158 C A578 48 5 1000 500
1160 C A579 49 5 1000 500
1162 C A580 50 5 1000 500
1164 C A581 51 5 1000 500
1166 C A582 52 5 1000 500
1168 C A583 53 6 1000 500
1170 C A584 54 6 1000 500
1172 C A585 55 5 1000 500
1174 C A586 56 4 1000 500
1176 C A587 57 5 1000 500
1178 C A588 58 6 1000 500
1180 C A589 59 2 1000 500
1182 C A590 60 5 1000 500
1184 C A591 61 5 1000 500
1186 C A592 62 5 1000 500
1188 C A593 63 5 1000 500
1190 C A594 64 5 1000 500
1192 C A595 65 4 1000 500
1194 C A596 66 3 1000 500
1196 C A597 67 5 1000 500
1198 C A598 68 5 1000 500
1200 C A599 69 6 1000 500
1202 C A600 70 5 1000 500
1204 C A601 71 5 1000 500
1206 C A602 72 5 1000 500
1208 C A603 73 5 1000 500
1210 C A604 74 5 1000 500
1212 C A605 75 4 1000 500
1214 C A606 76 6 1000 500
1216 C A607 77 5 1000 500
1218 C A608 78 6 1000 500
1220 C A609 79 5 1000 500
1222 C A610 80 5 1000 500
1224 C A611 81 5 1000 500
1226 C A612 82 5 1000 500
1228 C A613 83 2 1000 500
1230 C A614 84 6 1000 500
1232 C A615 85 5 1000 500
1234 C A616 86 5 1000 500
1236 C A617 87 5 1000 500
1238 C A618 88 5 1000 500
1240 C A619 89 6 1000 500
1242 C A620 90 5 1000 500
1244 C A621 91 2 1000 500
1246 C A622 92 5 1000 500
1248 C A623 93 6 1000 500
1250 C A624 94 5 1000 500
1252 C A625 95 6 1000 500
1254 C A626 96 18 1000 500
1256 C A627 97 5 1000 500
1258 C A628 98 5 1000 500
1260 C A629 99 5 1000 500
1262 C A630 0 70 1000 500
1264 C A631 1 7 1000 500
1266 C A632 2 6 1000 500
1268 C A633 3 14 1000 500
1270 C A634 4 70 1000 500
1272 C A635 5 8 1000 500
1274 C A636 6 8 1000 500
1276 C A637 7 6 1000 500
1278 C A638 8 6 1000 500
1280 C A639 9 7 1000 500
1282 C A640 10 6 1000 500
1284 C A641 11 6 1000 500
1286 C A642 12 6 1000 500
1288 C A643 13 7 1000 500
1290 C A644 14 6 1000 500
1292 C A645 15 7 1000 500
1294 C A646 16 7 1000 500
1296 C A647 17 7 1000 500
1298 C A648 18 5 1000 500
1300 C A649 19 6 1000 500
1302 C A650 20 6 1000 500
1304 C A651 21 6 1000 500
1306 C A652 22 2 1000 500
1308 C A653 23 6 1000 500
1310 C A654 24 7 1000 500
1312 C A655 25 6 1000 500
1314 C A656 26 7 1000 500
1316 C A657 27 7 1000 500
1318 C A658 28 7 1000 500
1320 C A659 29 6 1000 500
1322 C A660 30 7 1000 500
1324 C A661 31 7 1000 500
1326 C A662 32 5 1000 500
1328 C A663 33 7 1000 500
1330 C A664 34 6 1000 500
1332 C A665 35 6 1000 500
1334 C A666 36 6 1000 500
1336 C A667 37 77 1000 500
1338 C A668 38 6 1000 500
1340 C A669 39 6 1000 500
1342 C A670 40 7 1000 500
1344 C A671 41 7 1000 500
1346 C A672 42 6 1000 500
1348 C A673 43 7 1000 500
1350 C A674 44 7 1000 500
1352 C A675 45 6 1000 500
1354 C A676 46 6 1000 500
1356 C A677 47 7 1000 500
1358 C A678 48 6 1000 500
1360 C A679 49 6 1000 500
1362 C A680 50 6 1000 500
1364 C A681 51 6 1000 500
1366 C A682 52 6 1000 500
1368 C A683 53 7 1000 500
1370 C A684 54 7 1000 500
1372 C A685 55 6 1000 500
1374 C A686 56 5 1000 500
1376 C A687 57 6 1000 500
1378 C A688 58 7 1000 500
1380 C A689 59 5 1000 500
1382 C A690 60 6 1000 500
1384 C A691 61 6 1000 500
1386 C A692 62 6 1000 500
1388 C A693 63 6 1000 500
1390 C A694 64 6 1000 500
1392 C A695 65 5 1000 500
1394 C A696 66 5 1000 500
1396 C A697 67 6 1000 500
1398 C A698 68 6 1000 500
1400 C A699 69 7 1000 500
1402 C A700 70 6 1000 500
1404 C A701 71 6 1000 500
1406 C A702 72 6 1000 500
1408 C A703 73 6 1000 500
1410 C A704 74 6 1000 500
1412 C A705 75 5 1000 500
1414 C A706 76 7 1000 500
1416 C A707 77 6 1000 500
1418 C A708 78 7 1000 500
1420 C A709 79 6 1000 500
1422 C A710 80 6 1000 500
1424 C A711 81 6 1000 500
1426 C A712 82 6 1000 500
1428 C A713 83 4 1000 500
1430 C A714 84 7 1000 500
1432 C A715 85 6 1000 500
1434 C A716 86 6 1000 500
1436 C A717 87 6 1000 500
1438 C A718 88 6 1000 500
1440 C A719 89 7 1000 500
1442 C A720 90 6 1000 500
1444 C A721 91 5 1000 500
1446 C A722 92 6 1000 500
1448 C A723 93 7 1000 500
1450 C A724 94 6 1000 500
1452 C A725 95 7 1000 500
1454 C A726 96 65 1000 500
1456 C A727 97 6 1000 500
1458 C A728 98 6 1000 500
1460 C A729 99 6 1000 500
1462 C A730 0 7 1000 500
1464 C A731 1 8 1000 500
1466 C A732 2 7 1000 500
1468 C A733 3 35 1000 500
1470 C A734 4 7 1000 500
1472 C A735 5 9 1000 500
1474 C A736 6 9 1000 500
1476 C A737 7 9 1000 500
1478 C A738 8 9 1000 500
1480 C A739 9 8 1000 500
1482 C A740 10 8 1000 500
1484 C A741 11 7 1000 500
1486 C A742 12 7 1000 500
1488 C A743 13 8 1000 500
1490 C A744 14 7 1000 500
1492 C A745 15 8 1000 500
1494 C A746 16 8 1000 500
1496 C A747 17 8 1000 500
1498 C A748 18 6 1000 500
1500 C A749 19 7 1000 500
1502 C A750 20 7 1000 500
1504 C A751 21 7 1000 500
1506 C A752 22 5 1000 500
1508 C A753 23 8 1000 500
1510 C A754 24 8 1000 500
1512 C A755 25 7 1000 500
1514 C A756 26 8 1000 500
1516 C A757 27 8 1000 500
1518 C A758 28 8 1000 500
1520 C A759 29 7 1000 500
1522 C A760 30 8 1000 500
1524 C A761 31 8 1000 500
1526 C A762 32 6 1000 500
1528 C A763 33 8 1000 500
1530 C A764 34 7 1000 500
1532 C A765 35 7 1000 500
1534 C A766 36 7 1000 500
1536 C A767 37 2 1000 500
1538 C A768 38 7 1000 500
1540 C A769 39 7 1000 500
1542 C A770 40 8 1000 500
1544 C A771 41 8 1000 500
1546 C A772 42 7 1000 500
1548 C A773 43 8 1000 500
1550 C A774 44 8 1000 500
1552 C A775 45 7 1000 500
1554 C A776 46 7 1000 500
1556 C A777 47 8 1000 500
1558 C A778 48 7 1000 500
1560 C A779 49 7 1000 500
1562 C A780 50 7 1000 500
1564 C A781 51 7 1000 500
1566 C A782 52 7 1000 500
1568 C A783 53 8 1000 500
1570 C A784 54 8 1000 500
1572 C A785 55 7 1000 500
1574 C A786 56 6 1000 500
1576 C A787 57 7 1000 500
1578 C A788 58 8 1000 500
1580 C A789 59 6 1000 500
1582 C A790 60 7 1000 500
1584 C A791 61 7 1000 500
1586 C A792 62 7 1000 500
1588 C A793 63 7 1000 500
1590 C A794 64 7 1000 500
1592 C A795 65 6 1000 500
1594 C A796 66 6 1000 500
1596 C A797 67 7 1000 500
1598 C A798 68 7 1000 500
1600 C A799 69 8 1000 500
1602 C A800 70 7 1000 500
1604 C A801 71 7 1000 500
1606 C A802 72 7 1000 500
1608 C A803 73 7 1000 500
1610 C A804 74 7 1000 500
1612 C A805 75 6 1000 500
1614 C A806 76 8 1000 500
1616 C A807 77 7 1000 500
1618 C A808 78 8 1000 500
1620 C A809 79 7 1000 500
1622 C A810 80 7 1000 500
1624 C A811 81 7 1000 500
1626 C A812 82 7 1000 500
1628 C A813 83 5 1000 500
1630 C A814 84 8 1000 500
1632 C A815 85 7 1000 500
1634 C A816 86 7 1000 500
1636 C A817 87 7 1000 500
1638 C A818 88 7 1000 500
1640 C A819 89 8 1000 500
1642 C A820 90 7 1000 500
1644 C A821 91 6 1000 500
1646 C A822 92 7 1000 500
1648 C A823 93 8 1000 500
1650 C A824 94 7 1000 500
1652 C A825 95 8 1000 500
1654 C A826 96 70 1000 500
1656 C A827 97 7 1000 500
1658 C A828 98 7 1000 500
1660 C A829 99 7 1000 500
1662 C A830 0 8 1000 500
1664 C A831 1 14 1000 500
1666 C A832 2 8 1000 500
1668 C A833 3 77 1000 500
1670 C A834 4 8 1000 500
1672 C A835 5 10 1000 500
1674 C A836 6 10 1000 500
1676 C A837 7 11 1000 500
1678 C A838 8 10 1000 500
1680 C A839 9 10 1000 500
1682 C A840 10 9 1000 500
1684 C A841 11 8 1000 500
1686 C A842 12 8 1000 500
1688 C A843 13 9 1000 500
1690 C A844 14 9 1000 500
1692 C A845 15 9 1000 500
1694 C A846 16 9 1000 500
1696 C A847 17 9 1000 500
1698 C A848 18 7 1000 500
1700 C A849 19 9 1000 500
1702 C A850 20 8 1000 500
1704 C A851 21 8 1000 500
1706 C A852 22 6 1000 500
1708 C A853 23 9 1000 500
1710 C A854 24 9 1000 500
1712 C A855 25 8 1000 500
1714 C A856 26 9 1000 500
1716 C A857 27 9 1000 500
1718 C A858 28 9 1000 500
1720 C A859 29 8 1000 500
1722 C A860 30 9 1000 500
1724 C A861 31 9 1000 500
1726 C A862 32 7 1000 500
1728 C A863 33 9 1000 500
1730 C A864 34 8 1000 500
1732 C A865 35 8 1000 500
1734 C A866 36 8 1000 500
1736 C A867 37 4 1000 500
1738 C A868 38 8 1000 500
1740 C A869 39 8 1000 500
1742 C A870 40 9 1000 500
1744 C A871 41 9 1000 500
1746 C A872 42 8 1000 500
1748 C A873 43 9 1000 500
1750 C A874 44 9 1000 500
1752 C A875 45 8 1000 500
1754 C A876 46 8 1000 500
1756 C A877 47 9 1000 500
1758 C A878 48 8 1000 500
1760 C A879 49 8 1000 500
1762 C A880 50 8 1000 500
1764 C A881 51 8 1000 500
1766 C A882 52 8 1000 500
1768 C A883 53 9 1000 500
1770 C A884 54 9 1000 500
1772 C A885 55 8 1000 500
1774 C A886 56 7 1000 500
1776 C A887 57 8 1000 500
1778 C A888 58 9 1000 500
1780 C A889 59 7 1000 500
1782 C A890 60 8 1000 500
1784 C A891 61 8 1000 500
1786 C A892 62 8 1000 500
1788 C A893 63 8 1000 500
1790 C A894 64 8 1000 500
1792 C A895 65 7 1000 500
1794 C A896 66 7 1000 500
1796 C A897 67 8 1000 500
1798 C A898 68 8 1000 500
1800 C A899 69 9 1000 500
1802 C A900 70 8 1000 500
1804 C A901 71 8 1000 500
1806 C A902 72 9 1000 500
1808 C A903 73 8 1000 500
1810 C A904 74 8 1000 500
1812 C A905 75 7 1000 500
1814 C A906 76 9 1000 500
1816 C A907 77 8 1000 500
1818 C A908 78 9 1000 500
1820 C A909 79 8 1000 500
1822 C A910 80 8 1000 500
1824 C A911 81 8 1000 500
1826 C A912 82 8 1000 500
1828 C A913 83 6 1000 500
1830 C A914 84 9 1000 500
1832 C A915 85 8 1000 500
1834 C A916 86 8 1000 500
1836 C A917 87 8 1000 500
1838 C A918 88 8 1000 500
1840 C A919 89 9 1000 500
1842 C A920 90 8 1000 500
1844 C A921 91 7 1000 500
1846 C A922 92 8 1000 500
1848 C A923 93 9 1000 500
1850 C A924 94 8 1000 500
1852 C A925 95 9 1000 500
1854 C A926 96 57 1000 500
1856 C A927 97 8 1000 500
1858 C A928 98 8 1000 500
1860 C A929 99 8 1000 500
1862 C A930 0 14 1000 500
1864 C A931 1 57 1000 500
1866 C A932 2 9 1000 500
1868 C A933 3 2 1000 500
1870 C A934 4 14 1000 500
1872 C A935 5 11 1000 500
1874 C A936 6 11 1000 500
1876 C A937 7 12 1000 500
1878 C A938 8 11 1000 500
1880 C A939 9 11 1000 500
1882 C A940 10 11 1000 500
1884 C A941 11 9 1000 500
1886 C A942 12 10 1000 500
1888 C A943 13 10 1000 500
1890 C A944 14 10 1000 500
1892 C A945 15 10 1000 500
1894 C A946 16 10 1000 500
1896 C A947 17 10 1000 500
1898 C A948 18 8 1000 500
1900 C A949 19 10 1000 500
1902 C A950 20 9 1000 500
1904 C A951 21 9 1000 500
1906 C A952 22 9 1000 500
1908 C A953 23 10 1000 500
1910 C A954 24 10 1000 500
1912 C A955 25 9 1000 500
1914 C A956 26 10 1000 500
1916 C A957 27 10 1000 500
1918 C A958 28 10 1000 500
1920 C A959 29 9 1000 500
1922 C A960 30 10 1000 500
1924 C A961 31 10 1000 500
1926 C A962 32 8 1000 500
1928 C A963 33 10 1000 500
1930 C A964 34 9 1000 500
1932 C A965 35 9 1000 500
1934 C A966 36 9 1000 500
1936 C A967 37 5 1000 500
1938 C A968 38 9 1000 500
1940 C A969 39 9 1000 500
1942 C A970 40 10 1000 500
1944 C A971 41 10 1000 500
1946 C A972 42 9 1000 500
1948 C A973 43 10 1000 500
1950 C A974 44 10 1000 500
1952 C A975 45 9 1000 500
1954 C A976 46 9 1000 500
1956 C A977 47 10 1000 500
1958 C A978 48 9 1000 500
1960 C A979 49 9 1000 500
1962 C A980 50 9 1000 500
1964 C A981 51 9 1000 500
1966 C A982 52 9 1000 500
1968 C A983 53 10 1000 500
1970 C A984 54 10 1000 500
1972 C A985 55 9 1000 500
1974 C A986 56 8 1000 500
1976 C A987 57 9 1000 500
1978 C A988 58 10 1000 500
1980 C A989 59 8 1000 500
1982 C A990 60 9 1000 500
1984 C A991 61 9 1000 500
1986 C A992 62 9 1000 500
1988 C A993 63 9 1000 500
1990 C A994 64 9 1000 500
1992 C A995 65 8 1000 500
1994 C A996 66 8 1000 500
1996 C A997 67 10 1000 500
1998 C A998 68 9 1000 500
2000 C A999 69 10 1000 500
2002 C A1000 70 9 1000 500
2004 C A1001 71 9 1000 500
2006 C A1002 72 10 1000 500
2008 C A1003 73 9 1000 500
2010 C A1004 74 9 1000 500
2012 C A1005 75 8 1000 500
2014 C A1006 76 10 1000 500
2016 C A1007 77 9 1000 500
2018 C A1008 78 10 1000 500
2020 C A1009 79 9 1000 500
2022 C A1010 80 9 1000 500
2024 C A1011 81 9 1000 500
2026 C A1012 82 9 1000 500
2028 C A1013 83 7 1000 500
2030 C A1014 84 10 1000 500
2032 C A1015 85 9 1000 500
2034 C A1016 86 10 1000 500
2036 C A1017 87 9 1000 500
2038 C A1018 88 9 1000 500
2040 C A1019 89 10 1000 500
2042 C A1020 90 9 1000 500
2044 C A1021 91 8 1000 500
2046 C A1022 92 9 1000 500
2048 C A1023 93 10 1000 500
2050 C A1024 94 9 1000 500
2052 C A1025 95 10 1000 500
2054 C A1026 96 77 1000 500
2056 C A1027 97 9 1000 500
2058 C A1028 98 9 1000 500
2060 C A1029 99 9 1000 500
2062 C A1030 0 57 1000 500
2064 C A1031 1 77 1000 500
2066 C A1032 2 10 1000 500
2068 C A1033 3 5 1000 500
2070 C A1034 4 57 1000 500
2072 C A1035 5 12 1000 500
2074 C A1036 6 12 1000 500
2076 C A1037 7 13 1000 500
2078 C A1038 8 12 1000 500
2080 C A1039 9 13 1000 500
2082 C A1040 10 12 1000 500
2084 C A1041 11 10 1000 500
2086 C A1042 12 11 1000 500
2088 C A1043 13 11 1000 500
2090 C A1044 14 11 1000 500
2092 C A1045 15 11 1000 500
2094 C A1046 16 11 1000 500
2096 C A1047 17 11 1000 500
2098 C A1048 18 9 1000 500
2100 C A1049 19 11 1000 500
2102 C A1050 20 10 1000 500
2104 C A1051 21 10 1000 500
2106 C A1052 22 10 1000 500
2108 C A1053 23 11 1000 500
2110 C A1054 24 11 1000 500
2112 C A1055 25 10 1000 500
2114 C A1056 26 11 1000 500
2116 C A1057 27 11 1000 500
2118 C A1058 28 11 1000 500
2120 C A1059 29 10 1000 500
2122 C A1060 30 11 1000 500
2124 C A1061 31 11 1000 500
2126 C A1062 32 9 1000 500
2128 C A1063 33 11 1000 500
2130 C A1064 34 10 1000 500
2132 C A1065 35 10 1000 500
2134 C A1066 36 10 1000 500
2136 C A1067 37 6 1000 500
2138 C A1068 38 10 1000 500
2140 C A1069 39 10 1000 500
2142 C A1070 40 11 1000 500
2144 C A1071 41 11 1000 500
2146 C A1072 42 10 1000 500
2148 C A1073 43 11 1000 500
2150 C A1074 44 11 1000 500
2152 C A1075 45 10 1000 500
2154 C A1076 46 10 1000 500
2156 C A1077 47 11 1000 500
2158 C A1078 48 10 1000 500
2160 C A1079 49 10 1000 500
2162 C A1080 50 10 1000 500
2164 C A1081 51 10 1000 500
2166 C A1082 52 10 1000 500
2168 C A1083 53 11 1000 500
2170 C A1084 54 11 1000 500
2172 C A1085 55 10 1000 500
2174 C A1086 56 9 1000 500
2176 C A1087 57 10 1000 500
2178 C A1088 58 11 1000 500
2180 C A1089 59 10 1000 500
2182 C A1090 60 10 1000 500
2184 C A1091 61 10 1000 500
2186 C A1092 62 10 1000 500
2188 C A1093 63 10 1000 500
2190 C A1094 64 10 1000 500
2192 C A1095 65 9 1000 500
2194 C A1096 66 9 1000 500
2196 C A1097 67 11 1000 500
2198 C A1098 68 11 1000 500
2200 C A1099 69 11 1000 500
2202 C A1100 70 10 1000 500
2204 C A1101 71 10 1000 500
2206 C A1102 72 11 1000 500
2208 C A1103 73 10 1000 500
2210 C A1104 74 10 1000 500
2212 C A1105 75 9 1000 500
2214 C A1106 76 11 1000 500
2216 C A1107 77 10 1000 500
2218 C A1108 78 11 1000 500
2220 C A1109 79 10 1000 500
2222 C A1110 80 10 1000 500
2224 C A1111 81 10 1000 500
2226 C A1112 82 10 1000 500
2228 C A1113 83 8 1000 500
2230 C A1114 84 11 1000 500
2232 C A1115 85 10 1000 500
2234 C A1116 86 11 1000 500
2236 C A1117 87 10 1000 500
2238 C A1118 88 10 1000 500
2240 C A1119 89 11 1000 500
2242 C A1120 90 10 1000 500
2244 C A1121 91 9 1000 500
2246 C A1122 92 10 1000 500
2248 C A1123 93 11 1000 500
2250 C A1124 94 10 1000 500
2252 C A1125 95 11 1000 500
2254 C A1126 96 5 1000 500
2256 C A1127 97 10 1000 500
2258 C A1128 98 10 1000 500
2260 C A1129 99 10 1000 500
2262 C A1130 0 77 1000 500
2264 C A1131 1 5 1000 500
2266 C A1132 2 11 1000 500
2268 C A1133 3 6 1000 500
2270 C A1134 4 77 1000 500
2272 C A1135 5 13 1000 500
2274 C A1136 6 13 1000 500
2276 C A1137 7 15 1000 500
2278 C A1138 8 13 1000 500
2280 C A1139 9 14 1000 500
2282 C A1140 10 13 1000 500
2284 C A1141 11 12 1000 500
2286 C A1142 12 13 1000 500
2288 C A1143 13 12 1000 500
2290 C A1144 14 12 1000 500
2292 C A1145 15 12 1000 500
2294 C A1146 16 12 1000 500
2296 C A1147 17 12 1000 500
2298 C A1148 18 10 1000 500
2300 C A1149 19 12 1000 500
2302 C A1150 20 11 1000 500
2304 C A1151 21 11 1000 500
2306 C A1152 22 11 1000 500
2308 C A1153 23 12 1000 500
2310 C A1154 24 12 1000 500
2312 C A1155 25 11 1000 500
2314 C A1156 26 12 1000 500
2316 C A1157 27 12 1000 500
2318 C A1158 28 12 1000 500
2320 C A1159 29 11 1000 500
2322 C A1160 30 12 1000 500
2324 C A1161 31 12 1000 500
2326 C A1162 32 10 1000 500
2328 C A1163 33 12 1000 500
2330 C A1164 34 11 1000 500
2332 C A1165 35 11 1000 500
2334 C A1166 36 11 1000 500
2336 C A1167 37 7 1000 500
2338 C A1168 38 11 1000 500
2340 C A1169 39 11 1000 500
2342 C A1170 40 12 1000 500
2344 C A1171 41 12 1000 500
2346 C A1172 42 11 1000 500
2348 C A1173 43 12 1000 500
2350 C A1174 44 12 1000 500
2352 C A1175 45 11 1000 500
2354 C A1176 46 11 1000 500
2356 C A1177 47 12 1000 500
2358 C A1178 48 11 1000 500
2360 C A1179 49 11 1000 500
2362 C A1180 50 11 1000 500
2364 C A1181 51 12 1000 500
2366 C A1182 52 11 1000 500
2368 C A1183 53 12 1000 500
2370 C A1184 54 12 1000 500
2372 C A1185 55 11 1000 500
2374 C A1186 56 10 1000 500
2376 C A1187 57 11 1000 500
2378 C A1188 58 12 1000 500
2380 C A1189 59 11 1000 500
2382 C A1190 60 11 1000 500
2384 C A1191 61 11 1000 500
2386 C A1192 62 11 1000 500
2388 C A1193 63 11 1000 500
2390 C A1194 64 11 1000 500
2392 C A1195 65 10 1000 500
2394 C A1196 66 10 1000 500
2396 C A1197 67 12 1000 500
2398 C A1198 68 12 1000 500
2400 C A1199 69 12 1000 500
2402 C A1200 70 11 1000 500
2404 C A1201 71 11 1000 500
2406 C A1202 72 12 1000 500
2408 C A1203 73 11 1000 500
2410 C A1204 74 11 1000 500
2412 C A1205 75 10 1000 500
2414 C A1206 76 12 1000 500
2416 C A1207 77 11 1000 500
2418 C A1208 78 12 1000 500
2420 C A1209 79 11 1000 500
2422 C A1210 80 11 1000 500
2424 C A1211 81 11 1000 500
2426 C A1212 82 11 1000 500
2428 C A1213 83 9 1000 500
2430 C A1214 84 12 1000 500
2432 C A1215 85 11 1000 500
2434 C A1216 86 12 1000 500
2436 C A1217 87 11 1000 500
2438 C A1218 88 11 1000 500
2440 C A1219 89 12 1000 500
2442 C A1220 90 11 1000 500
2444 C A1221 91 10 1000 500
2446 C A1222 92 11 1000 500
2448 C A1223 93 12 1000 500
2450 C A1224 94 11 1000 500
2452 C A1225 95 12 1000 500
2454 C A1226 96 6 1000 500
2456 C A1227 97 11 1000 500
2458 C A1228 98 11 1000 500
2460 C A1229 99 11 1000 500
2462 C A1230 0 5 1000 500
2464 C A1231 1 9 1000 500
2466 C A1232 2 12 1000 500
2468 C A1233 3 9 1000 500
2470 C A1234 4 6 1000 500
2472 C A1235 5 14 1000 500
2474 C A1236 6 14 1000 500
2476 C A1237 7 16 1000 500
2478 C A1238 8 15 1000 500
2480 C A1239 9 15 1000 500
2482 C A1240 10 14 1000 500
2484 C A1241 11 13 1000 500
2486 C A1242 12 14 1000 500
2488 C A1243 13 14 1000 500
2490 C A1244 14 13 1000 500
2492 C A1245 15 13 1000 500
2494 C A1246 16 13 1000 500
2496 C A1247 17 13 1000 500
2498 C A1248 18 11 1000 500
2500 C A1249 19 13 1000 500
2502 C A1250 20 12 1000 500
2504 C A1251 21 12 1000 500
2506 C A1252 22 12 1000 500
2508 C A1253 23 13 1000 500
2510 C A1254 24 13 1000 500
2512 C A1255 25 12 1000 500
2514 C A1256 26 13 1000 500
2516 C A1257 27 13 1000 500
2518 C A1258 28 13 1000 500
2520 C A1259 29 12 1000 500
2522 C A1260 30 13 1000 500
2524 C A1261 31 13 1000 500
2526 C A1262 32 12 1000 500
2528 C A1263 33 13 1000 500
2530 C A1264 34 12 1000 500
2532 C A1265 35 12 1000 500
2534 C A1266 36 12 1000 500
2536 C A1267 37 8 1000 500
2538 C A1268 38 12 1000 500
2540 C A1269 39 12 1000 500
2542 C A1270 40 13 1000 500
2544 C A1271 41 13 1000 500
2546 C A1272 42 12 1000 500
2548 C A1273 43 13 1000 500
2550 C A1274 44 13 1000 500
2552 C A1275 45 12 1000 500
2554 C A1276 46 12 1000 500
2556 C A1277 47 13 1000 500
2558 C A1278 48 12 1000 500
2560 C A1279 49 12 1000 500
2562 C A1280 50 12 1000 500
2564 C A1281 51 13 1000 500
2566 C A1282 52 12 1000 500
2568 C A1283 53 13 1000 500
2570 C A1284 54 13 1000 500
2572 C A1285 55 12 1000 500
2574 C A1286 56 11 1000 500
2576 C A1287 57 12 1000 500
2578 C A1288 58 13 1000 500
2580 C A1289 59 13 1000 500
2582 C A1290 60 13 1000 500
2584 C A1291 61 12 1000 500
2586 C A1292 62 12 1000 500
2588 C A1293 63 12 1000 500
2590 C A1294 64 12 1000 500
2592 C A1295 65 11 1000 500
2594 C A1296 66 11 1000 500
2596 C A1297 67 13 1000 500
2598 C A1298 68 13 1000 500
2600 C A1299 69 13 1000 500
2602 C A1300 70 12 1000 500
2604 C A1301 71 12 1000 500
2606 C A1302 72 13 1000 500
2608 C A1303 73 12 1000 500
2610 C A1304 74 12 1000 500
2612 C A1305 75 12 1000 500
2614 C A1306 76 13 1000 500
2616 C A1307 77 12 1000 500
2618 C A1308 78 13 1000 500
2620 C A1309 79 12 1000 500
2622 C A1310 80 12 1000 500
2624 C A1311 81 12 1000 500
2626 C A1312 82 12 1000 500
2628 C A1313 83 10 1000 500
2630 C A1314 84 13 1000 500
2632 C A1315 85 12 1000 500
2634 C A1316 86 13 1000 500
2636 C A1317 87 12 1000 500
2638 C A1318 88 12 1000 500
2640 C A1319 89 13 1000 500
2642 C A1320 90 12 1000 500
2644 C A1321 91 11 1000 500
2646 C A1322 92 12 1000 500
2648 C A1323 93 13 1000 500
2650 C A1324 94 12 1000 500
2652 C A1325 95 13 1000 500
2654 C A1326 96 7 1000 500
2656 C A1327 97 12 1000 500
2658 C A1328 98 12 1000 500
2660 C A1329 99 12 1000 500
2662 C A1330 0 6 1000 500
2664 C A1331 1 10 1000 500
2666 C A1332 2 13 1000 500
2668 C A1333 3 10 1000 500
2670 C A1334 4 10 1000 500
2672 C A1335 5 15 1000 500
2674 C A1336 6 15 1000 500
2676 C A1337 7 17 1000 500
2678 C A1338 8 16 1000 500
2680 C A1339 9 16 1000 500
2682 C A1340 10 15 1000 500
2684 C A1341 11 14 1000 500
2686 C A1342 12 15 1000 500
2688 C A1343 13 15 1000 500
2690 C A1344 14 15 1000 500
2692 C A1345 15 14 1000 500
2694 C A1346 16 14 1000 500
2696 C A1347 17 14 1000 500
2698 C A1348 18 12 1000 500
2700 C A1349 19 14 1000 500
2702 C A1350 20 13 1000 500
2704 C A1351 21 13 1000 500
2706 C A1352 22 13 1000 500
2708 C A1353 23 14 1000 500
2710 C A1354 24 14 1000 500
2712 C A1355 25 13 1000 500
2714 C A1356 26 14 1000 500
2716 C A1357 27 14 1000 500
2718 C A1358 28 14 1000 500
2720 C A1359 29 13 1000 500
2722 C A1360 30 14 1000 500
2724 C A1361 31 14 1000 500
2726 C A1362 32 13 1000 500
2728 C A1363 33 14 1000 500
2730 C A1364 34 13 1000 500
2732 C A1365 35 14 1000 500
2734 C A1366 36 13 1000 500
2736 C A1367 37 9 1000 500
2738 C A1368 38 13 1000 500
2740 C A1369 39 13 1000 500
2742 C A1370 40 14 1000 500
2744 C A1371 41 14 1000 500
2746 C A1372 42 13 1000 500
2748 C A1373 43 14 1000 500
2750 C A1374 44 14 1000 500
2752 C A1375 45 13 1000 500
2754 C A1376 46 13 1000 500
2756 C A1377 47 14 1000 500
2758 C A1378 48 13 1000 500
2760 C A1379 49 13 1000 500
2762 C A1380 50 13 1000 500
2764 C A1381 51 14 1000 500
2766 C A1382 52 13 1000 500
2768 C A1383 53 14 1000 500
2770 C A1384 54 14 1000 500
2772 C A1385 55 13 1000 500
2774 C A1386 56 12 1000 500
2776 C A1387 57 13 1000 500
2778 C A1388 58 14 1000 500
2780 C A1389 59 14 1000 500
2782 C A1390 60 14 1000 500
2784 C A1391 61 13 1000 500
2786 C A1392 62 13 1000 500
2788 C A1393 63 13 1000 500
2790 C A1394 64 13 1000 500
2792 C A1395 65 12 1000 500
2794 C A1396 66 12 1000 500
2796 C A1397 67 14 1000 500
2798 C A1398 68 14 1000 500
2800 C A1399 69 14 1000 500
2802 C A1400 70 13 1000 500
2804 C A1401 71 13 1000 500
2806 C A1402 72 14 1000 500
2808 C A1403 73 13 1000 500
2810 C A1404 74 13 1000 500
2812 C A1405 75 13 1000 500
2814 C A1406 76 14 1000 500
2816 C A1407 77 13 1000 500
2818 C A1408 78 14 1000 500
2820 C A1409 79 13 1000 500
2822 C A1410 80 13 1000 500
2824 C A1411 81 13 1000 500
2826 C A1412 82 13 1000 500
2828 C A1413 83 12 1000 500
2830 C A1414 84 14 1000 500
2832 C A1415 85 13 1000 500
2834 C A1416 86 14 1000 500
2836 C A1417 87 13 1000 500
2838 C A1418 88 13 1000 500
2840 C A1419 89 14 1000 500
2842 C A1420 90 13 1000 500
2844 C A1421 91 12 1000 500
2846 C A1422 92 13 1000 500
2848 C A1423 93 14 1000 500
2850 C A1424 94 13 1000 500
2852 C A1425 95 14 1000 500
2854 C A1426 96 8 1000 500
2856 C A1427 97 13 1000 500
2858 C A1428 98 13 1000 500
2860 C A1429 99 13 1000 500
2862 C A1430 0 9 1000 500
2864 C A1431 1 12 1000 500
2866 C A1432 2 14 1000 500
2868 C A1433 3 12 1000 500
2870 C A1434 4 11 1000 500
2872 C A1435 5 16 1000 500
2874 C A1436 6 16 1000 500
2876 C A1437 7 18 1000 500
2878 C A1438 8 17 1000 500
2880 C A1439 9 17 1000 500
2882 C A1440 10 16 1000 500
2884 C A1441 11 15 1000 500
2886 C A1442 12 16 1000 500
2888 C A1443 13 16 1000 500
2890 C A1444 14 16 1000 500
2892 C A1445 15 16 1000 500
2894 C A1446 16 15 1000 500
2896 C A1447 17 15 1000 500
2898 C A1448 18 13 1000 500
2900 C A1449 19 15 1000 500
2902 C A1450 20 14 1000 500
2904 C A1451 21 14 1000 500
2906 C A1452 22 15 1000 500
2908 C A1453 23 15 1000 500
2910 C A1454 24 15 1000 500
2912 C A1455 25 14 1000 500
2914 C A1456 26 15 1000 500
2916 C A1457 27 15 1000 500
2918 C A1458 28 15 1000 500
2920 C A1459 29 14 1000 500
2922 C A1460 30 15 1000 500
2924 C A1461 31 15 1000 500
2926 C A1462 32 14 1000 500
2928 C A1463 33 15 1000 500
2930 C A1464 34 14 1000 500
2932 C A1465 35 15 1000 500
2934 C A1466 36 14 1000 500
2936 C A1467 37 10 1000 500
2938 C A1468 38 14 1000 500
2940 C A1469 39 14 1000 500
2942 C A1470 40 15 1000 500
2944 C A1471 41 15 1000 500
2946 C A1472 42 14 1000 500
2948 C A1473 43 15 1000 500
2950 C A1474 44 15 1000 500
2952 C A1475 45 14 1000 500
2954 C A1476 46 14 1000 500
2956 C A1477 47 15 1000 500
2958 C A1478 48 14 1000 500
2960 C A1479 49 14 1000 500
2962 C A1480 50 14 1000 500
2964 C A1481 51 15 1000 500
2966 C A1482 52 14 1000 500
2968 C A1483 53 15 1000 500
2970 C A1484 54 15 1000 500
2972 C A1485 55 14 1000 500
2974 C A1486 56 13 1000 500
2976 C A1487 57 14 1000 500
2978 C A1488 58 15 1000 500
2980 C A1489 59 15 1000 500
2982 C A1490 60 15 1000 500
2984 C A1491 61 14 1000 500
2986 C A1492 62 15 1000 500
2988 C A1493 63 14 1000 500
2990 C A1494 64 14 1000 500
2992 C A1495 65 13 1000 500
2994 C A1496 66 13 1000 500
2996 C A1497 67 15 1000 500
2998 C A1498 68 15 1000 500
3000 C A1499 69 15 1000 500
3002 C A1500 70 14 1000 500
3004 C A1501 71 14 1000 500
3006 C A1502 72 15 1000 500
3008 C A1503 73 14 1000 500
3010 C A1504 74 14 1000 500
3012 C A1505 75 14 1000 500
3014 C A1506 76 15 1000 500
3016 C A1507 77 14 1000 500
3018 C A1508 78 15 1000 500
3020 C A1509 79 14 1000 500
3022 C A1510 80 14 1000 500
3024 C A1511 81 14 1000 500
3026 C A1512 82 14 1000 500
3028 C A1513 83 13 1000 500
3030 C A1514 84 15 1000 500
3032 C A1515 85 14 1000 500
3034 C A1516 86 15 1000 500
3036 C A1517 87 14 1000 500
3038 C A1518 88 14 1000 500
3040 C A1519 89 15 1000 500
3042 C A1520 90 14 1000 500
3044 C A1521 91 14 1000 500
3046 C A1522 92 14 1000 500
3048 C A1523 93 15 1000 500
3050 C A1524 94 14 1000 500
3052 C A1525 95 15 1000 500
3054 C A1526 96 9 1000 500
3056 C A1527 97 14 1000 500
3058 C A1528 98 14 1000 500
3060 C A1529 99 14 1000 500
3062 C A1530 0 10 1000 500
3064 C A1531 1 13 1000 500
3066 C A1532 2 16 1000 500
3068 C A1533 3 15 1000 500
3070 C A1534 4 12 1000 500
3072 C A1535 5 17 1000 500
3074 C A1536 6 17 1000 500
3076 C A1537 7 19 1000 500
3078 C A1538 8 18 1000 500
3080 C A1539 9 18 1000 500
3082 C A1540 10 17 1000 500
3084 C A1541 11 16 1000 500
3086 C A1542 12 17 1000 500
3088 C A1543 13 17 1000 500
3090 C A1544 14 17 1000 500
3092 C A1545 15 17 1000 500
3094 C A1546 16 17 1000 500
3096 C A1547 17 16 1000 500
3098 C A1548 18 14 1000 500
3100 C A1549 19 16 1000 500
3102 C A1550 20 15 1000 500
3104 C A1551 21 15 1000 500
3106 C A1552 22 16 1000 500
3108 C A1553 23 16 1000 500
3110 C A1554 24 16 1000 500
3112 C A1555 25 15 1000 500
3114 C A1556 26 16 1000 500
3116 C A1557 27 16 1000 500
3118 C A1558 28 16 1000 500
3120 C A1559 29 16 1000 500
3122 C A1560 30 16 1000 500
3124 C A1561 31 16 1000 500
3126 C A1562 32 15 1000 500
3128 C A1563 33 16 1000 500
3130 C A1564 34 15 1000 500
3132 C A1565 35 16 1000 500
3134 C A1566 36 15 1000 500
3136 C A1567 37 12 1000 500
3138 C A1568 38 15 1000 500
3140 C A1569 39 15 1000 500
3142 C A1570 40 16 1000 500
3144 C A1571 41 16 1000 500
3146 C A1572 42 15 1000 500
3148 C A1573 43 16 1000 500
3150 C A1574 44 16 1000 500
3152 C A1575 45 15 1000 500
3154 C A1576 46 15 1000 500
3156 C A1577 47 16 1000 500
3158 C A1578 48 15 1000 500
3160 C A1579 49 16 1000 500
3162 C A1580 50 15 1000 500
3164 C A1581 51 16 1000 500
3166 C A1582 52 15 1000 500
3168 C A1583 53 16 1000 500
3170 C A1584 54 16 1000 500
3172 C A1585 55 15 1000 500
3174 C A1586 56 14 1000 500
3176 C A1587 57 15 1000 500
3178 C A1588 58 16 1000 500
3180 C A1589 59 16 1000 500
3182 C A1590 60 16 1000 500
3184 C A1591 61 15 1000 500
3186 C A1592 62 16 1000 500
3188 C A1593 63 16 1000 500
3190 C A1594 64 15 1000 500
3192 C A1595 65 14 1000 500
3194 C A1596 66 14 1000 500
3196 C A1597 67 16 1000 500
3198 C A1598 68 16 1000 500
3200 C A1599 69 16 1000 500
3202 C A1600 70 15 1000 500
3204 C A1601 71 16 1000 500
3206 C A1602 72 16 1000 500
3208 C A1603 73 15 1000 500
3210 C A1604 74 16 1000 500
3212 C A1605 75 15 1000 500
3214 C A1606 76 16 1000 500
3216 C A1607 77 15 1000 500
3218 C A1608 78 16 1000 500
3220 C A1609 79 15 1000 500
3222 C A1610 80 15 1000 500
3224 C A1611 81 15 1000 500
3226 C A1612 82 15 1000 500
3228 C A1613 83 14 1000 500
3230 C A1614 84 16 1000 500
3232 C A1615 85 15 1000 500
3234 C A1616 86 16 1000 500
3236 C A1617 87 15 1000 500
3238 C A1618 88 15 1000 500
3240 C A1619 89 16 1000 500
3242 C A1620 90 16 1000 500
3244 C A1621 91 15 1000 500
3246 C A1622 92 15 1000 500
3248 C A1623 93 16 1000 500
3250 C A1624 94 15 1000 500
3252 C A1625 95 16 1000 500
3254 C A1626 96 10 1000 500
3256 C A1627 97 15 1000 500
3258 C A1628 98 15 1000 500
3260 C A1629 99 15 1000 500
3262 C A1630 0 12 1000 500
3264 C A1631 1 15 1000 500
3266 C A1632 2 17 1000 500
3268 C A1633 3 16 1000 500
3270 C A1634 4 13 1000 500
3272 C A1635 5 18 1000 500
3274 C A1636 6 18 1000 500
3276 C A1637 7 20 1000 500
3278 C A1638 8 20 1000 500
3280 C A1639 9 19 1000 500
3282 C A1640 10 18 1000 500
3284 C A1641 11 17 1000 500
3286 C A1642 12 18 1000 500
3288 C A1643 13 18 1000 500
3290 C A1644 14 18 1000 500
3292 C A1645 15 18 1000 500
3294 C A1646 16 18 1000 500
3296 C A1647 17 18 1000 500
3298 C A1648 18 15 1000 500
3300 C A1649 19 17 1000 500
3302 C A1650 20 16 1000 500
3304 C A1651 21 16 1000 500
3306 C A1652 22 17 1000 500
3308 C A1653 23 17 1000 500
3310 C A1654 24 17 1000 500
3312 C A1655 25 16 1000 500
3314 C A1656 26 17 1000 500
3316 C A1657 27 17 1000 500
3318 C A1658 28 17 1000 500
3320 C A1659 29 17 1000 500
3322 C A1660 30 17 1000 500
3324 C A1661 31 17 1000 500
3326 C A1662 32 16 1000 500
3328 C A1663 33 17 1000 500
3330 C A1664 34 16 1000 500
3332 C A1665 35 17 1000 500
3334 C A1666 36 16 1000 500
3336 C A1667 37 13 1000 500
3338 C A1668 38 16 1000 500
3340 C A1669 39 16 1000 500
3342 C A1670 40 17 1000 500
3344 C A1671 41 17 1000 500
3346 C A1672 42 16 1000 500
3348 C A1673 43 17 1000 500
3350 C A1674 44 17 1000 500
3352 C A1675 45 16 1000 500
3354 C A1676 46 16 1000 500
3356 C A1677 47 17 1000 500
3358 C A1678 48 16 1000 500
3360 C A1679 49 17 1000 500
3362 C A1680 50 16 1000 500
3364 C A1681 51 17 1000 500
3366 C A1682 52 16 1000 500
3368 C A1683 53 17 1000 500
3370 C A1684 54 17 1000 500
3372 C A1685 55 16 1000 500
3374 C A1686 56 15 1000 500
3376 C A1687 57 16 1000 500
3378 C A1688 58 17 1000 500
3380 C A1689 59 17 1000 500
3382 C A1690 60 17 1000 500
3384 C A1691 61 16 1000 500
3386 C A1692 62 17 1000 500
3388 C A1693 63 17 1000 500
3390 C A1694 64 16 1000 500
3392 C A1695 65 15 1000 500
3394 C A1696 66 15 1000 500
3396 C A1697 67 17 1000 500
3398 C A1698 68 17 1000 500
3400 C A1699 69 17 1000 500
3402 C A1700 70 16 1000 500
3404 C A1701 71 17 1000 500
3406 C A1702 72 17 1000 500
3408 C A1703 73 16 1000 500
3410 C A1704 74 17 1000 500
3412 C A1705 75 16 1000 500
3414 C A1706 76 17 1000 500
3416 C A1707 77 16 1000 500
3418 C A1708 78 17 1000 500
3420 C A1709 79 16 1000 500
3422 C A1710 80 16 1000 500
3424 C A1711 81 16 1000 500
3426 C A1712 82 16 1000 500
3428 C A1713 83 15 1000 500
3430 C A1714 84 17 1000 500
3432 C A1715 85 16 1000 500
3434 C A1716 86 17 1000 500
3436 C A1717 87 16 1000 500
3438 C A1718 88 16 1000 500
3440 C A1719 89 17 1000 500
3442 C A1720 90 17 1000 500
3444 C A1721 91 16 1000 500
3446 C A1722 92 16 1000 500
3448 C A1723 93 17 1000 500
3450 C A1724 94 16 1000 500
3452 C A1725 95 17 1000 500
3454 C A1726 96 11 1000 500
3456 C A1727 97 16 1000 500
3458 C A1728 98 16 1000 500
3460 C A1729 99 16 1000 500
3462 C A1730 0 13 1000 500
3464 C A1731 1 16 1000 500
3466 C A1732 2 18 1000 500
3468 C A1733 3 17 1000 500
3470 C A1734 4 15 1000 500
3472 C A1735 5 19 1000 500
3474 C A1736 6 19 1000 500
3476 C A1737 7 21 1000 500
3478 C A1738 8 21 1000 500
3480 C A1739 9 20 1000 500
3482 C A1740 10 19 1000 500
3484 C A1741 11 18 1000 500
3486 C A1742 12 19 1000 500
3488 C A1743 13 19 1000 500
3490 C A1744 14 19 1000 500
3492 C A1745 15 19 1000 500
3494 C A1746 16 19 1000 500
3496 C A1747 17 19 1000 500
3498 C A1748 18 16 1000 500
3500 C A1749 19 18 1000 500
3502 C A1750 20 18 1000 500
3504 C A1751 21 17 1000 500
3506 C A1752 22 18 1000 500
3508 C A1753 23 18 1000 500
3510 C A1754 24 18 1000 500
3512 C A1755 25 17 1000 500
3514 C A1756 26 18 1000 500
3516 C A1757 27 18 1000 500
3518 C A1758 28 18 1000 500
3520 C A1759 29 18 1000 500
3522 C A1760 30 18 1000 500
3524 C A1761 31 18 1000 500
3526 C A1762 32 17 1000 500
3528 C A1763 33 18 1000 500
3530 C A1764 34 17 1000 500
3532 C A1765 35 18 1000 500
3534 C A1766 36 17 1000 500
3536 C A1767 37 14 1000 500
3538 C A1768 38 17 1000 500
3540 C A1769 39 17 1000 500
3542 C A1770 40 18 1000 500
3544 C A1771 41 18 1000 500
3546 C A1772 42 17 1000 500
3548 C A1773 43 18 1000 500
3550 C A1774 44 18 1000 500
3552 C A1775 45 17 1000 500
3554 C A1776 46 17 1000 500
3556 C A1777 47 18 1000 500
3558 C A1778 48 17 1000 500
3560 C A1779 49 18 1000 500
3562 C A1780 50 17 1000 500
3564 C A1781 51 18 1000 500
3566 C A1782 52 17 1000 500
3568 C A1783 53 18 1000 500
3570 C A1784 54 18 1000 500
3572 C A1785 55 17 1000 500
3574 C A1786 56 16 1000 500
3576 C A1787 57 17 1000 500
3578 C A1788 58 18 1000 500
3580 C A1789 59 18 1000 500
3582 C A1790 60 18 1000 500
3584 C A1791 61 17 1000 500
3586 C A1792 62 18 1000 500
3588 C A1793 63 18 1000 500
3590 C A1794 64 17 1000 500
3592 C A1795 65 16 1000 500
3594 C A1796 66 16 1000 500
3596 C A1797 67 18 1000 500
3598 C A1798 68 18 1000 500
3600 C A1799 69 18 1000 500
3602 C A1800 70 17 1000 500
3604 C A1801 71 18 1000 500
3606 C A1802 72 18 1000 500
3608 C A1803 73 17 1000 500
3610 C A1804 74 18 1000 500
3612 C A1805 75 17 1000 500
3614 C A1806 76 18 1000 500
3616 C A1807 77 17 1000 500
3618 C A1808 78 18 1000 500
3620 C A1809 79 17 1000 500
3622 C A1810 80 17 1000 500
3624 C A1811 81 17 1000 500
3626 C A1812 82 17 1000 500
3628 C A1813 83 16 1000 500
3630 C A1814 84 18 1000 500
3632 C A1815 85 17 1000 500
3634 C A1816 86 18 1000 500
3636 C A1817 87 17 1000 500
3638 C A1818 88 17 1000 500
3640 C A1819 89 18 1000 500
3642 C A1820 90 18 1000 500
3644 C A1821 91 17 1000 500
3646 C A1822 92 17 1000 500
3648 C A1823 93 18 1000 500
3650 C A1824 94 17 1000 500
3652 C A1825 95 18 1000 500
3654 C A1826 96 12 1000 500
3656 C A1827 97 17 1000 500
3658 C A1828 98 17 1000 500
3660 C A1829 99 17 1000 500
3662 C A1830 0 16 1000 500
3664 C A1831 1 17 1000 500
3666 C A1832 2 19 1000 500
3668 C A1833 3 19 1000 500
3670 C A1834 4 19 1000 500
3672 C A1835 5 20 1000 500
3674 C A1836 6 20 1000 500
3676 C A1837 7 22 1000 500
3678 C A1838 8 22 1000 500
3680 C A1839 9 21 1000 500
3682 C A1840 10 20 1000 500
3684 C A1841 11 19 1000 500
3686 C A1842 12 20 1000 500
3688 C A1843 13 20 1000 500
3690 C A1844 14 20 1000 500
3692 C A1845 15 20 1000 500
3694 C A1846 16 20 1000 500
3696 C A1847 17 21 1000 500
3698 C A1848 18 17 1000 500
3700 C A1849 19 20 1000 500
3702 C A1850 20 19 1000 500
3704 C A1851 21 18 1000 500
3706 C A1852 22 19 1000 500
3708 C A1853 23 19 1000 500
3710 C A1854 24 19 1000 500
3712 C A1855 25 18 1000 500
3714 C A1856 26 19 1000 500
3716 C A1857 27 19 1000 500
3718 C A1858 28 19 1000 500
3720 C A1859 29 19 1000 500
3722 C A1860 30 19 1000 500
3724 C A1861 31 19 1000 500
3726 C A1862 32 18 1000 500
3728 C A1863 33 19 1000 500
3730 C A1864 34 18 1000 500
3732 C A1865 35 19 1000 500
3734 C A1866 36 18 1000 500
3736 C A1867 37 15 1000 500
3738 C A1868 38 18 1000 500
3740 C A1869 39 18 1000 500
3742 C A1870 40 19 1000 500
3744 C A1871 41 19 1000 500
3746 C A1872 42 18 1000 500
3748 C A1873 43 19 1000 500
3750 C A1874 44 19 1000 500
3752 C A1875 45 18 1000 500
3754 C A1876 46 18 1000 500
3756 C A1877 47 19 1000 500
3758 C A1878 48 18 1000 500
3760 C A1879 49 19 1000 500
3762 C A1880 50 18 1000 500
3764 C A1881 51 19 1000 500
3766 C A1882 52 18 1000 500
3768 C A1883 53 19 1000 500
3770 C A1884 54 19 1000 500
3772 C A1885 55 18 1000 500
3774 C A1886 56 17 1000 500
3776 C A1887 57 18 1000 500
3778 C A1888 58 19 1000 500
3780 C A1889 59 19 1000 500
3782 C A1890 60 19 1000 500
3784 C A1891 61 18 1000 500
3786 C A1892 62 19 1000 500
3788 C A1893 63 19 1000 500
3790 C A1894 64 18 1000 500
3792 C A1895 65 17 1000 500
3794 C A1896 66 17 1000 500
3796 C A1897 67 19 1000 500
3798 C A1898 68 19 1000 500
3800 C A1899 69 19 1000 500
3802 C A1900 70 18 1000 500
3804 C A1901 71 19 1000 500
3806 C A1902 72 19 1000 500
3808 C A1903 73 18 1000 500
3810 C A1904 74 19 1000 500
3812 C A1905 75 18 1000 500
3814 C A1906 76 19 1000 500
3816 C A1907 77 18 1000 500
3818 C A1908 78 19 1000 500
3820 C A1909 79 18 1000 500
3822 C A1910 80 18 1000 500
3824 C A1911 81 18 1000 500
3826 C A1912 82 18 1000 500
3828 C A1913 83 17 1000 500
3830 C A1914 84 19 1000 500
3832 C A1915 85 18 1000 500
3834 C A1916 86 19 1000 500
3836 C A1917 87 18 1000 500
3838 C A1918 88 18 1000 500
3840 C A1919 89 19 1000 500
3842 C A1920 90 19 1000 500
3844 C A1921 91 18 1000 500
3846 C A1922 92 18 1000 500
3848 C A1923 93 19 1000 500
3850 C A1924 94 18 1000 500
3852 C A1925 95 19 1000 500
3854 C A1926 96 13 1000 500
3856 C A1927 97 18 1000 500
3858 C A1928 98 18 1000 500
3860 C A1929 99 18 1000 500
3862 C A1930 0 17 1000 500
3864 C A1931 1 19 1000 500
3866 C A1932 2 20 1000 500
3868 C A1933 3 20 1000 500
3870 C A1934 4 20 1000 500
3872 C A1935 5 21 1000 500
3874 C A1936 6 21 1000 500
3876 C A1937 7 24 1000 500
3878 C A1938 8 23 1000 500
3880 C A1939 9 22 1000 500
3882 C A1940 10 21 1000 500
3884 C A1941 11 20 1000 500
3886 C A1942 12 21 1000 500
3888 C A1943 13 21 1000 500
3890 C A1944 14 21 1000 500
3892 C A1945 15 21 1000 500
3894 C A1946 16 21 1000 500
3896 C A1947 17 22 1000 500
3898 C A1948 18 19 1000 500
3900 C A1949 19 22 1000 500
3902 C A1950 20 21 1000 500
3904 C A1951 21 20 1000 500
3906 C A1952 22 20 1000 500
3908 C A1953 23 20 1000 500
3910 C A1954 24 20 1000 500
3912 C A1955 25 19 1000 500
3914 C A1956 26 20 1000 500
3916 C A1957 27 20 1000 500
3918 C A1958 28 20 1000 500
3920 C A1959 29 20 1000 500
3922 C A1960 30 20 1000 500
3924 C A1961 31 20 1000 500
3926 C A1962 32 19 1000 500
3928 C A1963 33 20 1000 500
3930 C A1964 34 19 1000 500
3932 C A1965 35 20 1000 500
3934 C A1966 36 19 1000 500
3936 C A1967 37 16 1000 500
3938 C A1968 38 19 1000 500
3940 C A1969 39 19 1000 500
3942 C A1970 40 20 1000 500
3944 C A1971 41 20 1000 500
3946 C A1972 42 19 1000 500
3948 C A1973 43 20 1000 500
3950 C A1974 44 20 1000 500
3952 C A1975 45 19 1000 500
3954 C A1976 46 19 1000 500
3956 C A1977 47 20 1000 500
3958 C A1978 48 19 1000 500
3960 C A1979 49 20 1000 500
3962 C A1980 50 19 1000 500
3964 C A1981 51 20 1000 500
3966 C A1982 52 19 1000 500
3968 C A1983 53 20 1000 500
3970 C A1984 54 20 1000 500
3972 C A1985 55 20 1000 500
3974 C A1986 56 18 1000 500
3976 C A1987 57 19 1000 500
3978 C A1988 58 20 1000 500
3980 C A1989 59 20 1000 500
3982 C A1990 60 20 1000 500
3984 C A1991 61 19 1000 500
3986 C A1992 62 20 1000 500
3988 C A1993 63 20 1000 500
3990 C A1994 64 19 1000 500
3992 C A1995 65 19 1000 500
3994 C A1996 66 18 1000 500
3996 C A1997 67 20 1000 500
3998 C A1998 68 20 1000 500
4000 C A1999 69 20 1000 500
4002 C A2000 70 19 1000 500
4004 C A2001 71 20 1000 500
4006 C A2002 72 20 1000 500
4008 C A2003 73 19 1000 500
4010 C A2004 74 20 1000 500
4012 C A2005 75 19 1000 500
4014 C A2006 76 20 1000 500
4016 C A2007 77 19 1000 500
4018 C A2008 78 20 1000 500
4020 C A2009 79 19 1000 500
4022 C A2010 80 19 1000 500
4024 C A2011 81 19 1000 500
4026 C A2012 82 19 1000 500
4028 C A2013 83 18 1000 500
4030 C A2014 84 20 1000 500
4032 C A2015 85 19 1000 500
4034 C A2016 86 20 1000 500
4036 C A2017 87 19 1000 500
4038 C A2018 88 19 1000 500
4040 C A2019 89 20 1000 500
4042 C A2020 90 20 1000 500
4044 C A2021 91 19 1000 500
4046 C A2022 92 19 1000 500
4048 C A2023 93 20 1000 500
4050 C A2024 94 19 1000 500
4052 C A2025 95 20 1000 500
4054 C A2026 96 14 1000 500
4056 C A2027 97 19 1000 500
4058 C A2028 98 19 1000 500
4060 C A2029 99 19 1000 500
